[-39, -53, -85, 75, 28, 6, 83, 13, -63, 93, 67, -63, 90, 16, -96, -11, 91, 64, -77, -30, 71, -53, 33, 93, -66, 60, -14, -28, 29, 87, -89, 14, -32, -80, -72, 72, -45, 84, -40, 84, 37, 81, 50, 22, -54, 33, -75, 0, -61, 6, 2, -94, -61, 27, -91, 47, 2, 31, -80, -96, 92, 28, -37, 54, -22, -24, 35, -56, -20, -95, 53, -2, -21, 99, 36]
[83, -68, -83, -68, -25, -93, 7, 85, 79, 70, -24, -87, -37, -13, 16, -90, -89, -43, -19, 49, 30, -23, -41, 35, 39, 21, -5, -5, -73, -2, -69, -79, 7, 93, -5, 11, 75, 20, 93, -14, -37, -26, 41, 92, -94, 59, -86, -5, 5, 67, -42, -56, -99, 94, -92, -65, -38, 69, 16, -72, 18, 47, -77, -28, 0, -63, 20, -57, 47, -36, 61, 8, 32, 85, -20]
[-23, -86, -40, -24, -45, -26, -100, -70, 29, -93, -25, -85, 100, 14, 5, 51, 24, -24, -49, -73, 80, -46, 18, 72, -95, 44, 94, 13, -73, 82, -52, 34, 60, -66, 5, -49, 81, -50, 84, 63, -65, -35, -69, -83, 83, 12, 69, -2, 29, -19, 64, -84, 71, -67, 65, -89, 3, -15, -29, -58, -18, 82, -19, 85, -12, 29, -60, 1, 79, -98, 27, 25, -38, 14, -37]
[-83, 2, 68, 42, -55, -92, 61, -9, -44, -9, 89, -4, 18, -32, 32, -37, 18, 76, 35, -30, -16, 9, -60, -7, -87, 85, -97, -79, 83, 66, -9, -5, 73, -80, -6, -63, -28, -56, 58, -47, -36, -64, 0, -91, -69, 2, -27, 82, -66, 67, -97, -78, 42, -84, -75, -55, 26, -70, 27, -63, -14, -63, 38, 33, 68, -6, -3, -73, 95, -17, 90, -85, -95, 59, -63]
[16, -67, -67, 43, -48, 61, -54, -36, 88, -54, 0, -79, -5, -10, 0, 86, 76, -3, 14, -11, -69, -41, -24, -12, -87, -72, -46, 68, 82, 36, -78, 76, -87, 75, -13, 39, 52, -38, 27, 93, 18, 19, 54, 22, -56, 23, 97, -32, 1, -75, 31, 93, -65, 2, -23, -22, -66, 17, 29, -18, 77, 86, 58, 88, -7, -2, 82, -47, 78, -26, -55, -25, -17, -52, -48]
[-95, 41, -35, 36, 58, 14, 6, -88, 43, -67, 26, 91, 20, -96, -99, 53, -72, -78, 10, 57, 79, 81, 36, -2, -16, -30, -9, 29, -60, -31, 34, 10, 18, 78, -25, -17, -46, 90, 72, -58, 49, 71, 96, 39, 71, -87, 71, 97, -23, -43, -70, -73, 8, -78, -23, -11, 68, -64, -87, -87, -58, -12, -73, -10, -29, -99, 28, 39, -38, -33, 81, -32, -97, -79, 81]
[75, -12, -14, -8, -95, 64, -17, -15, 56, -86, -86, -40, 100, -19, -84, -49, -90, 11, -75, -29, -62, -100, -85, 52, 26, 88, -79, -89, -37, -11, 94, -29, 75, 48, -99, -56, 35, -7, 15, 61, 64, -30, -86, -67, 11, -98, -7, 41, -92, -78, -100, 42, -70, -51, 61, -71, -3, 86, 10, -67, 84, -66, 73, 0, -63, 2, -84, -63, -59, -32, 12, -18, -38, 92, -10]
[41, -53, -36, -3, 78, -65, 80, -39, 9, 31, -29, -68, 46, 91, 2, -82, -65, -30, 94, 83, -30, -26, -88, -80, -8, -29, 26, 28, 23, 77, -88, -39, -42, 29, 5, 83, -57, 48, -70, -31, 59, 50, -76, 45, 31, -66, -22, -77, 68, -73, -13, 7, 96, -87, 67, -56, -60, 57, -39, 66, 90, 34, -20, -94, -67, 28, -43, 54, 21, -45, 11, 24, 4, -90, -41]
[90, -4, -53, 63, -54, 21, 44, 47, 44, 80, -84, 100, 96, 81, -23, -6, -70, -76, -35, 23, -11, -29, 66, -14, 45, 0, -97, 12, -42, 64, -53, -28, -78, 100, 80, -20, -33, -68, -6, -94, 46, 92, 6, -18, -92, -47, 12, -47, 85, -93, 6, -54, -4, 24, 73, -96, -34, 35, 90, 2, -26, 55, -32, 83, -22, -27, 39, -15, 83, -44, 33, -24, -43, 27, 63]
[41, -88, -39, -68, -72, 67, 83, 43, 48, 99, -50, 99, 7, -44, 30, -4, -37, 43, 28, 54, 20, -6, -33, -77, -76, 16, -5, -23, 48, 66, -98, 64, -26, -42, 23, 81, 20, -20, -19, 50, 64, 31, 99, 45, -3, -8, 57, 82, -39, 42, -95, -14, 93, 42, -4, 50, -33, -24, 96, 20, 35, 47, -8, 64, 42, 91, -79, 19, -10, -93, 87, -44, 64, -8, -65]
[-75, 100, -53, -37, 95, 13, -10, 13, -44, 72, -90, -5, -18, 89, -65, -31, -59, -23, 65, -71, 52, 98, 83, 45, -33, 63, -63, 99, -3, 96, -52, -4, -30, 76, 13, 55, -98, -94, 100, 7, 10, -71, -33, 30, -62, 85, 14, 41, -54, -15, -50, 52, -92, -24, -38, -48, -60, 20, 19, 60, -37, -36, -75, -19, -58, 5, 70, -14, -99, 8, 36, -7, -83, -55, -20]
[-33, 36, -31, 15, -57, 23, 60, 68, -13, -37, 2, 68, 48, -15, 79, -58, -86, -24, -26, -30, -56, -88, 92, -1, 66, 6, -9, 1, 81, 90, -36, 48, -97, 3, 59, -52, 13, 50, -3, -79, 6, -19, -60, 40, -62, 76, -66, 46, -29, 71, 29, 98, -53, -4, 59, -5, 74, -98, -22, -54, -25, -49, 99, 77, -53, -48, -21, -77, 91, 51, -90, 18, 62, -58, 2]
[83, -39, -92, -1, 49, -83, 33, -8, -17, 67, -6, -77, -33, -63, -78, 91, 71, -13, 33, -42, 1, 6, -65, -7, -75, -30, 89, -75, -39, -9, -61, 25, 23, 80, -44, 30, 10, -79, 48, 18, -100, 34, -26, -50, -12, 36, 5, -86, -7, -85, 51, -40, 34, 5, 13, -91, -100, -48, 74, 19, 31, 82, -34, 23, -84, -3, 8, 74, -84, 83, -93, -86, 51, -88, 33]
[-83, -58, 69, -31, 50, 92, 36, -15, 22, 91, -37, 41, 49, 12, 70, -77, -5, -15, -57, 17, -8, 45, -26, 89, 58, -2, 66, -54, -42, 4, 43, 7, -25, -74, 44, -32, 64, 11, -8, 67, 22, 46, 58, -75, -68, 77, -40, -25, -70, 17, 100, 97, 45, -82, -95, 64, 78, -52, -73, 16, -81, 57, -21, 3, -38, -92, 94, -18, -31, -75, 69, -36, 31, 47, -99]
[-5, -60, 32, 27, 19, 9, 100, 93, -46, -97, 24, 75, 6, 9, 57, 69, -97, -88, 4, -46, 29, 20, 95, 15, -16, -53, 100, 19, -42, -82, -35, -77, -83, 97, -9, 71, -72, 94, 37, 66, 83, -48, -8, 65, 52, -21, 60, 5, 63, 4, 87, 8, 90, -48, 12, 88, -31, -46, -26, 9, -73, 59, 38, 73, 31, -44, 71, -28, 4, -6, -86, -19, -56, 47, 57]
[79, -63, -14, 62, 8, -44, 79, -57, -98, 60, -26, -23, 6, 4, 100, 59, -67, -4, 23, 77, -48, -48, 14, -93, 79, -50, 4, 0, 75, 47, 69, 30, 56, -37, 20, 32, -100, 75, 92, 90, -38, 41, -58, -40, -87, -68, 90, -24, 58, 98, -93, 85, 7, 100, -96, 40, -86, 84, -39, -77, 34, -12, 8, -97, -46, 55, 89, -87, -77, 70, -59, -32, -10, 76, 99]
[12, -27, 2, -96, -78, 3, 91, -53, -32, -38, 18, 39, -84, 49, 40, -31, -90, 34, 99, 79, 10, -16, -13, -48, -53, -56, 36, 53, 38, 80, 20, 32, 28, 63, -19, -40, 60, -66, -46, 3, 86, 6, 0, 97, -53, 82, 63, -17, 14, -33, -71, 50, -36, -27, 67, 80, 28, 25, 5, 37, -58, 33, -81, 22, -76, 94, -60, -90, -45, -99, -16, -84, 10, -71, 86]
[-20, -61, 70, -26, 38, 32, -69, -90, 9, -43, -91, -95, 74, 19, 72, -52, 18, -11, -66, -60, 83, 46, -94, 100, -71, -67, 99, -58, 79, 11, -92, 97, 36, -93, -83, -23, -51, -88, 54, -58, 18, -10, 80, -74, 1, -82, -16, -82, -86, 90, -91, 100, -17, 36, 59, 28, 95, -54, -92, 5, 97, 35, 49, 72, 39, -81, -71, -74, -90, 28, 18, -9, -93, 25, -23]
[-66, 76, -84, -58, -52, 23, 15, 27, -21, -37, -20, -77, 91, -95, 2, -45, 30, -41, 18, -90, -16, 96, -88, 23, 19, 5, -17, 92, 4, 90, -64, -65, -37, -55, 52, -20, 52, 75, -72, 77, 87, 82, 4, 69, -94, 3, -54, 82, 95, 37, -49, 59, -59, 56, 61, 90, 90, -75, -17, -5, 44, 73, -94, 96, 87, -7, 55, 31, -21, -46, 81, -54, 1, 65, 77]
[77, 14, -95, -35, 57, 38, 84, -34, -33, -15, 50, 17, -97, 7, 92, -63, -77, -72, 60, -37, -11, 43, 39, 84, -32, -66, 15, 63, 97, 90, -95, 19, 1, 47, -11, 92, -39, -79, -64, 64, -60, -5, 91, 48, 98, 9, -26, -71, 73, 43, 65, -1, -31, -55, 87, -54, 97, -33, 32, 26, -62, 44, 47, 51, -52, -33, 53, -47, -42, -1, -69, 77, -19, 58, -5]
[-95, 27, -29, 56, 47, 96, 9, -29, 79, 17, 59, 83, -40, 1, 63, 64, 42, -4, -20, 94, 3, -42, -92, 3, -89, 41, 73, 42, 66, 65, 61, -84, -26, -21, 36, 65, -6, -58, -20, -45, -53, 42, -62, -94, -41, 73, -54, -42, -7, -7, -52, 46, 36, -11, -4, -75, 10, 7, -100, 80, 26, 18, 82, -83, 69, -22, -21, 10, -15, -4, -71, -87, -72, -27, -63]
[73, -97, 11, 96, -85, -39, -24, -69, 57, 47, -45, -76, -65, 55, -3, -33, 88, -15, -85, 61, 63, 78, 33, -96, -3, 9, 62, -97, 59, -95, -10, -77, 32, -20, -82, 37, 100, 67, 60, 90, 69, -19, 26, 6, -8, 91, -58, -88, 98, -51, -63, 88, -48, 29, 55, -36, -10, 90, 74, 52, -17, -18, -48, 91, 98, 12, 88, 48, -53, 7, -35, 61, 59, -94, 93]
[-94, 4, -2, -5, 14, -23, 66, 50, -1, 100, 44, -43, 86, 14, -20, -60, -78, -30, -57, 83, -20, -49, 85, -9, -75, 9, 51, 71, -45, -73, -77, 7, 39, 91, 32, -4, -8, -50, -13, -57, -23, 65, -38, 39, -79, 58, -68, -43, 91, 70, 9, 51, 77, -12, 96, 91, 27, -42, 68, 3, -99, 51, -46, -44, 53, -1, -31, 50, 89, -21, 33, -89, 11, 29, -8]
[75, 3, -36, -70, 77, 61, -47, -63, 62, 26, -99, 12, 51, -37, -70, -67, -52, -60, -51, 59, -30, 27, 49, -79, 34, 11, 37, -5, 78, 61, 11, 10, 86, -13, -27, 19, -43, 24, -24, -79, 50, -64, -83, -71, -6, -66, -7, -53, 52, 75, -100, 1, 89, -66, -71, -71, 69, 16, -17, 28, 79, 22, 95, 91, 12, -80, 99, 100, -36, 5, 39, 73, 5, 56, 4]
[-26, -20, -63, 68, -74, 48, 71, -86, 48, 27, -11, 28, -14, -29, 94, 8, -67, -18, -78, -41, 37, -56, 54, -70, 93, 5, 80, 34, -78, -8, -32, 3, 1, 82, -1, 71, -40, -59, -54, -31, -48, 7, -72, 93, 16, -40, 21, -19, 47, -80, -60, 13, 29, -8, -45, -19, -9, -72, 59, 22, 53, 80, 45, 9, 20, 7, 31, 19, 42, 86, 19, -88, -35, 41, 15]
[-54, -38, 39, -95, 61, 87, -97, 1, -3, -25, 51, 10, -3, 50, 19, -75, -69, 36, -12, 24, 54, -84, -62, 6, 51, -24, -21, 20, -59, -7, -50, 18, 30, 53, -93, 48, 33, 75, 80, -18, -53, -40, 87, 37, 78, 69, 79, 5, 36, 23, 92, 61, 94, 28, -27, 31, -99, 94, -70, -70, -37, -40, 60, 91, -71, -22, -81, 80, -81, -88, 83, 47, 44, 81, 33]
[-99, 22, 64, -71, 18, 4, 60, 53, 27, -38, -11, -49, -89, -47, -76, 29, -2, 70, 40, 11, -22, 28, -48, 4, 82, 97, -17, 78, 48, 87, -93, 40, 100, -33, 7, -28, 27, -22, 59, 10, -37, 76, 31, -7, 81, 68, 95, -58, -39, 47, 82, 95, 89, 37, 27, -23, 77, 88, 57, 83, -27, 96, -67, -19, 64, -93, -53, 57, 2, 39, -46, -15, 20, 7, 76]
[2, -62, -76, 36, -53, 14, -80, 87, 68, -77, 96, -31, -51, -1, 98, 98, -42, -36, -19, 25, -2, 31, 59, 56, -43, -29, -78, -84, -20, 47, -81, 74, 63, -84, 5, 78, -14, -6, -30, -54, 22, 21, -51, 54, 33, 79, 74, -19, 12, 8, 5, -53, 34, 100, 86, 19, -41, 30, 0, -34, 71, 70, 92, -21, 82, 29, 0, 42, -22, 37, 63, 10, 66, 90, 80]
[38, 43, -42, -47, 12, -44, 90, -67, 42, -68, 9, -10, -72, 25, 73, 21, 22, -22, -84, 56, 10, 37, 57, -41, -21, -86, -85, 42, 40, -96, -14, 20, 67, 35, -42, -21, 3, 85, 44, -44, 40, 81, 3, 84, 50, 15, -34, -2, 75, -29, -2, 28, -47, 47, 42, 12, -22, 52, -8, -3, 16, 19, -11, 99, -79, -61, 39, -8, 87, -49, -76, -81, -80, 38, 75]
[-83, -35, 70, -95, -34, 60, 29, 99, -83, -6, 25, 85, 2, -69, -21, -97, 23, -3, 10, -96, 20, 50, -9, 1, -6, 36, 47, -92, 20, 99, 22, -95, -59, 43, 79, -95, -61, -56, 82, 81, 86, -78, 30, -17, -64, 54, 84, 15, 64, -69, 80, 85, -46, -53, -13, 60, 98, -28, -92, 10, 18, -38, 70, -9, 93, -28, 66, -37, 27, -32, 50, -93, 19, 59, -50]
[-99, 5, 8, -34, 45, 60, 86, -34, -58, 77, 73, -88, 61, -78, -88, -84, -73, -1, -28, 44, 53, 0, 84, -90, -29, 37, 54, -32, 24, -35, -83, -100, -46, -93, 98, 45, 47, -44, 0, 45, -12, -65, 56, 63, -6, -21, -76, -79, 12, 49, 68, -98, 66, 43, 76, -32, 72, -34, 25, 31, 43, -71, 32, 2, -88, -9, 3, 25, -24, 23, 11, -10, 71, -33, -82]
[-93, -3, 21, -65, 87, -15, -83, -88, 38, -55, -49, 52, -91, -16, 99, 54, 37, -13, 41, -66, -75, 5, 0, 44, 19, 10, 86, -42, -41, 82, -100, 2, 24, 88, -27, -58, 49, -39, -87, 45, -84, 67, -51, -18, -95, 13, -66, -45, -74, 77, -11, -74, -97, -20, 91, 91, -59, 34, -56, -40, 28, 77, 24, -36, -20, 78, 26, -55, -75, 19, 86, 41, 55, 47, 37]
[-86, 50, -38, -4, 55, -88, 43, 69, -23, -31, -1, 24, -25, -49, 48, 76, -67, -20, -55, -46, -37, -81, 1, -77, -9, -17, 43, -31, -60, 13, -54, -27, 1, -77, -82, 61, -40, -88, 30, -100, 37, -41, 12, -17, 65, -25, 48, 62, -22, 49, 57, -11, 38, -72, 39, 18, 20, 29, -26, -83, -2, -60, -6, 83, -66, 35, 58, 83, -11, 21, -25, -31, 60, -63, -98]
[-23, -9, -12, 96, -64, 54, 100, 64, -80, -82, -27, 77, -83, 66, 81, 43, 90, 87, -50, -48, -19, 27, 13, -24, -86, -7, 18, 26, 78, 36, 73, 24, 16, -27, -48, 75, 48, -50, -37, 34, -31, 82, -46, 24, 19, 77, -79, 43, 100, 85, -37, 10, -34, -5, 17, -38, -66, 10, 80, 16, -7, -85, 60, 88, 22, 78, 18, -95, -67, -48, 21, 99, 33, 32, -57]
[11, -78, 9, 17, -97, -3, 9, 48, -22, 22, 43, -84, -76, 97, 81, 84, -10, -58, -7, -93, 90, -44, -58, 73, 8, -88, -11, 42, -47, -59, -72, -20, 61, -74, 71, -57, 9, 7, 0, -38, -11, -63, -5, -15, 27, 25, 55, -63, -34, 35, 86, 73, -4, 99, 21, -16, 48, -48, -27, -14, -38, -94, 29, -89, 59, -91, -44, 76, -18, 33, 34, -29, -16, 66, 67]
[-71, -6, -33, 37, -23, -77, -70, 25, 50, -64, 42, 93, 77, -47, 63, -83, -19, 59, 23, -34, -56, -13, -65, 13, 38, 94, -5, -42, -90, -71, 85, 32, 40, 5, -46, 65, 91, 69, 25, -24, 93, -99, -85, 35, 62, -51, 21, -4, -89, 80, -98, 11, -8, 95, 60, -53, -41, 17, 20, 15, -45, 52, 81, 29, -65, -7, 34, -58, -16, -96, 6, -74, -39, 12, -40]
[-53, 92, -24, 37, -26, 20, 14, 91, 16, -63, 7, -75, 75, 97, -65, 33, -24, 49, -61, -70, -97, -87, -37, 86, 83, 82, 71, -89, -80, 84, 46, 40, -65, -89, -22, -46, 71, -50, -25, 38, -75, -86, -50, -28, -83, 41, -44, 33, -77, 3, -4, -17, -84, -26, -27, 92, 3, -28, -85, -59, 31, -15, 24, 25, -36, 43, -25, 49, -53, -7, -15, 17, -91, 74, -50]
[34, 31, -38, -68, 39, 23, 78, -29, 24, -2, 89, -68, 50, 69, -60, 67, 12, 98, -42, 60, 45, -7, 49, 62, 55, -96, -19, -42, 40, -61, -90, -45, 98, -1, 62, 93, -37, -66, 85, -9, 79, 22, 0, 78, -20, -57, 49, -37, 70, 2, -67, 52, 52, 77, -85, 97, 74, 27, 19, 5, -86, 58, 21, 98, 19, 89, -40, -36, -45, 88, -55, 2, -20, -16, -11]
[-41, 40, 23, -45, -44, 57, 90, -79, -75, 91, -43, 95, 97, 38, 92, 38, -6, -77, -98, -33, -19, 68, -99, 5, -78, -66, -56, 56, 82, 41, 5, 94, -42, 76, -80, -33, -58, -16, 37, -15, -99, 35, 52, -67, -85, -60, -15, 26, -38, -81, 28, 98, -50, 91, -32, 96, 73, -1, 59, 73, 13, -73, 46, -71, 27, -73, -33, -35, 90, -53, -74, -10, -46, 46, -90]
[96, -84, 43, -2, -64, 24, -49, -13, -50, 16, -74, 75, -93, -63, 75, -50, -14, -45, 41, -74, 25, -79, 33, 47, -23, 66, 70, -97, 56, -63, 26, -20, -34, 2, -48, -58, -61, -66, -5, 22, 13, -33, 47, -52, 71, -54, 61, -93, 88, 95, -75, -5, 53, 51, -17, -20, -66, -31, -63, 61, -97, 13, 89, -47, 8, -9, 22, 21, 65, 55, -16, -88, -52, -10, 98]
[-97, -32, 91, 15, -100, 27, 43, -5, 12, -99, -32, 75, -17, -7, 15, 70, 93, 77, 90, -2, 88, 79, 89, -49, 42, -86, -15, -19, -80, -62, 1, -49, 99, 5, 74, -13, 44, 36, 39, 70, 1, 97, -82, -55, 40, -17, -90, 59, 12, -15, 10, 31, 72, -47, -27, -8, -88, 11, 1, -53, 70, -54, -98, -64, 13, 22, 31, 54, 25, -30, 9, -64, -33, 49, -44]
[-79, -83, -93, 93, 59, 99, -59, -93, -55, -83, 0, 67, -2, -53, 38, 87, -90, -84, 58, -69, -99, 72, 87, 8, 67, 71, 36, 87, -3, -7, -3, 16, 43, -81, -43, 36, -25, 95, -11, -28, -10, -92, 76, 6, 53, -24, 66, 91, 28, 51, -21, 7, 84, 33, -68, -96, -81, 48, 22, -46, 60, 54, 6, -9, -66, -27, 76, 35, -98, -10, 52, -4, 81, 89, 12]
[-72, -39, -68, -7, 73, -21, -60, 29, 50, -35, 34, -29, 68, -37, -88, 35, -76, 5, -31, -93, 99, 7, 51, 14, -10, 77, 1, -80, 60, -58, 66, 50, 27, -1, -79, -29, -43, 47, -71, -89, 75, 34, 3, 31, -45, -64, -1, -50, -37, -29, 47, 88, 100, 58, 23, 84, 70, 40, -88, -18, -68, 65, -27, 55, -49, 30, 2, 53, 25, 54, -21, 23, 3, -35, 48]
[64, 92, -2, -55, 88, -90, 53, 82, 24, -13, 85, -78, -49, 9, -83, 1, 86, 59, -87, 53, 7, -94, -28, 66, -86, 80, -89, -53, 20, 4, -17, 37, -60, 28, -16, -23, 34, -59, -18, -57, -25, -70, -21, -95, -54, -36, 12, -11, 60, 77, -100, -66, -40, 83, -99, 65, -60, 56, -56, -100, -68, -8, -78, -78, -52, -42, 3, -65, 21, 58, -50, -44, 44, -46, -37]
[-8, 8, -45, 73, 70, 53, -64, -61, -48, 82, -20, 30, -55, 80, 59, -71, -21, 21, -40, -40, 64, -21, 49, 25, 89, -30, -57, 97, -43, 93, -2, -34, -55, 29, -3, -60, 88, 43, 47, -65, -77, -71, 59, -54, -47, -59, -20, 37, -19, 62, -94, 81, -82, 20, 17, 61, 43, 25, -24, -87, 29, 28, -100, -70, -69, 82, -98, 60, 71, -50, 72, 48, 52, -2, -70]
[-36, -76, 56, -70, -32, 40, 92, -23, -81, 55, 35, 90, -60, -62, -63, -99, 52, 48, 20, -98, 73, -68, 68, 8, 16, -83, -62, 49, 40, -7, 29, 36, -44, 65, 4, -19, -46, 41, -94, -29, -83, 35, 72, 2, -41, 35, 56, 10, -57, 21, 3, 0, -57, -65, 11, 80, -98, 96, -70, -18, 80, -29, -1, -64, -54, -77, -36, 70, -80, 37, 57, -83, -65, 7, -81]
[5, 10, -37, 89, 53, 8, 72, -13, -93, -80, 88, 10, 14, -36, -15, 41, 63, 14, 56, -80, -40, -79, 12, -33, 39, -93, 49, 42, -61, 41, 86, -65, -67, -83, -26, 49, -80, -33, -86, 41, -72, -49, 73, -23, -68, -31, -25, 4, -67, 98, 60, 71, -11, 51, -92, 3, -100, -10, 93, -85, -37, -43, -68, -12, 12, 52, -87, -80, 37, 55, 11, -3, -90, 86, -46]
[-81, 38, 93, 45, -57, 56, 58, 64, -49, -89, 56, 61, -3, 86, -9, -51, 55, -66, 5, 45, 24, -53, 51, -10, -23, -87, 63, 93, -63, -28, -94, 79, -53, -29, 53, -78, 22, -54, 58, -92, 95, 4, 3, -68, 41, -9, 54, 6, -81, -85, -82, 63, -91, 54, 52, 55, -39, -48, 79, -49, 93, 86, 80, -39, -71, -37, 80, -89, 50, 25, 99, -71, -65, 97, -82]
[56, 83, -34, -28, 14, -17, 82, 7, 48, -99, -98, -4, 37, 95, -68, -86, -62, 43, 0, -17, 1, 48, 58, 53, -100, 50, 72, 40, 41, -52, 8, -85, 47, 81, -12, 0, 16, 7, -22, -64, -40, 99, -64, 2, 89, -85, -30, 99, -30, -62, -81, 30, 22, -62, -80, 72, 53, -65, 38, 54, 79, 8, 52, -8, 54, -55, -65, 28, -53, 71, -99, -22, 100, -84, 98]
[-32, 60, 69, -97, -70, 9, 6, 21, -45, -47, 28, 40, 26, 78, 36, 96, -57, 1, 17, 49, 77, 97, -60, 56, 96, 7, 33, 3, -96, 79, -81, 3, 42, -56, 52, 99, -55, 56, -11, -49, 35, 46, 57, 2, -40, 90, -47, -35, -92, 36, -98, 100, -62, 34, -34, -5, -47, 90, 15, -71, 91, 25, 7, 82, 69, 25, 23, -30, -63, -96, 98, -14, 52, 0, -2]
[-53, -14, -10, -1, 17, 29, -79, 99, -33, -91, 78, -94, -50, -32, -36, 50, 12, -44, 25, -64, 77, 22, -41, 34, 18, 67, 74, -75, 58, -98, -18, -45, -67, 46, -15, -99, -16, -72, -50, 76, -33, -50, 21, 17, 68, 19, 55, -33, 25, -79, 37, 80, 7, 56, -48, -83, -23, -14, 88, 2, 81, 85, -34, -25, -88, -65, -79, 2, 95, -98, 79, -33, 84, 45, 79]
[59, 53, -4, 77, 60, -73, 75, 91, 6, -16, 1, -14, -44, -11, 62, -68, -94, -93, -20, -25, 81, 2, 90, -44, 25, -95, -25, -81, -13, -86, -74, -14, -28, 70, 52, 75, -38, -82, -98, -57, 96, 89, -30, -90, -16, -67, -51, 56, -7, 60, -100, 35, -42, -65, 12, 9, 22, 59, -65, 60, -39, -61, -66, -25, -57, -40, -42, 69, -36, -70, -56, 6, 32, 18, -34]
[-76, -37, 50, 80, 57, 18, 99, -47, 100, 84, -75, -4, -94, -5, 94, 40, 55, -78, 96, -18, -63, 79, -63, -68, 16, 84, -84, -29, -56, -79, -67, -46, -42, 74, -65, -1, 13, -80, 30, -88, 77, -36, -35, 14, -65, 93, -83, 14, 98, -60, -8, -48, -37, -72, -30, -28, 54, -18, 39, 13, -62, 95, -20, 40, -63, -2, 47, 22, 40, 44, 46, 96, 40, -62, 57]
[11, 90, -48, 43, -34, 70, -15, -43, 21, -14, 47, 76, -43, -36, 5, 55, -20, 74, 7, 67, -53, -22, -64, -9, 67, 91, 78, -5, -72, -91, -77, 98, 13, 12, 48, 39, -68, -76, -40, 99, 10, 90, 42, 86, 20, 94, -50, -98, -5, 16, -94, 1, 65, 80, -85, 38, 18, -13, 38, -86, -53, 0, 89, 16, -85, 20, -44, -16, 66, 74, -59, 23, -77, -71, -93]
[64, -37, -64, -26, -76, 81, 27, -54, -63, -66, 88, -64, -55, 30, 62, -37, -47, -74, -91, -3, -76, 76, 12, -89, 11, 37, -72, -86, 68, 14, 57, 73, -1, -69, -43, 71, 52, -90, -25, 35, -70, -88, -39, -82, 84, 82, -58, -68, -86, -99, 10, 70, 22, -39, -2, -17, -40, -34, 29, 81, 77, 99, 79, -34, 25, 51, -6, -74, 81, 77, -26, -47, 80, 19, -82]
[-28, -34, 20, 100, 91, 36, -15, 26, -4, 51, 48, 77, -94, 6, 72, 75, 71, -24, -3, 52, 92, -31, 38, -54, 83, -52, 70, -23, -26, -77, -1, -54, -93, -95, 21, -94, -68, -10, 96, 65, 17, 17, 47, 54, 53, 7, -44, -12, -9, -28, -15, -94, -82, -9, -50, 8, -54, -87, -94, -15, -100, 16, -30, -61, 55, 42, 17, -20, 68, -67, -63, 72, 68, -11, 58]
[-40, 5, 88, -99, 49, 1, 89, 79, -25, -82, -27, -70, 56, 30, 9, -68, 62, 28, -87, -4, -58, 82, 74, -33, 42, 61, 11, 64, -43, -76, 29, -6, -16, -33, 83, 40, -97, -3, -65, -1, 6, -15, -18, 70, 54, -87, 93, 49, -47, -60, -26, -46, -57, 74, -24, -73, 30, -68, -76, -95, -89, 86, 93, 22, -6, 87, -55, -29, -29, 48, 15, 53, -84, 74, 54]
[10, 15, 70, 80, -8, -4, 97, -17, 78, -59, 43, -73, 97, -89, 7, 51, 85, 37, -71, -28, -6, 12, 11, -86, 44, 73, -88, -78, 63, -79, 63, 53, 75, 53, -95, -97, -99, 87, 69, 28, -11, 97, -56, 83, -82, -32, 100, 75, -1, 4, 57, -90, -5, 12, -23, 70, 85, -25, -27, -12, -14, -5, -5, 23, -27, 77, -77, 87, -72, -78, 66, 3, 25, 98, 81]
[-17, -17, 19, -18, -83, -23, 15, -59, 5, 86, -98, 55, 99, -92, -85, 42, 83, 95, -75, -44, -91, 24, 63, -88, -59, -70, 33, -48, 78, -26, 1, -82, 59, -17, 29, 90, -95, 77, -7, -5, 79, 47, -44, -60, 6, -77, 91, 16, -31, -1, -18, 25, 9, 12, 11, -17, -47, 6, 29, 69, 76, -75, -75, -61, -19, 40, 17, 25, 41, -18, -19, 78, 54, 31, 37]
[-92, -69, 95, 7, 64, -88, 60, 98, -35, 19, 71, -27, 17, 18, -33, 2, -17, -84, 84, -76, -18, -98, -80, 20, 30, 6, -66, -74, -65, 37, 97, -12, 2, -82, 88, 62, 35, -64, -67, 79, 13, -7, -52, 28, 39, 17, 21, -83, 99, 91, 54, 38, 81, 63, -63, -8, -48, -22, 53, 92, -33, -8, -34, 54, -23, -67, 43, -81, -54, 89, -36, -98, -65, 92, -43]
[-95, -91, -53, -63, 6, 20, 59, -63, 49, -41, -88, -62, -54, 72, 56, -88, 64, -98, -63, 80, 34, 6, -40, 5, 68, -96, -54, -94, 17, 18, 54, -49, -44, -74, -82, -17, -9, 21, 34, 77, -6, -86, 31, -37, 49, -69, 51, -66, -45, -18, 5, -83, 82, 34, -73, 18, -86, 0, 26, -93, 43, -22, 26, -28, -41, 23, 80, 3, 69, -44, -7, -86, -37, -58, -22]
[-34, -14, -10, 79, -31, -66, 11, 53, -80, 49, 99, 37, -31, -5, -88, -10, 63, -42, 59, 45, 94, -80, 28, -60, -21, -87, 58, -54, -98, 96, 75, 78, 79, -68, 16, 46, 4, 5, -66, 72, 65, 7, 4, 24, -3, 27, 1, 63, -70, -28, 51, 66, 50, -34, -69, -33, -10, -3, -77, 78, 75, 73, -44, 71, 71, 52, 50, 87, -11, 7, -67, 58, 61, -18, 6]
[14, 77, -70, 7, -36, -87, 94, 9, 23, 78, 65, -45, -71, 29, 37, -3, 1, 29, -10, 29, -99, 97, 54, -42, 92, -94, -94, 78, -14, -24, -39, 33, 63, 38, -29, 64, 48, 22, -90, 46, 69, -17, -30, 3, -53, -18, -78, 70, -60, -69, -77, -93, 97, 91, 89, -76, 7, 41, 96, 70, 57, 4, -7, 41, -97, 59, -88, 63, 10, -83, -28, 75, -20, 40, -25]
[87, 75, -55, -86, 99, 22, -76, 14, -87, 47, -2, 58, 79, 14, 95, -26, -11, -21, 88, 47, -54, 94, 19, -4, 37, -42, -31, 12, 68, -46, -30, -28, 58, 4, -82, 30, 25, 34, -99, -29, -46, 13, -17, -53, -71, -53, 98, -5, 10, -53, -97, -63, 28, 44, -24, 83, 8, -70, 82, -17, -71, -58, 31, -69, -55, -62, -71, -58, -80, -62, -82, -11, 69, 51, -97]
[-49, 74, 64, 46, -90, -48, -24, 67, 1, 73, -7, 69, -11, -7, 95, 95, 72, -2, -70, 88, -28, 22, 78, 62, -77, -77, 69, -50, -42, -41, 41, 23, -5, -63, 89, -56, -30, 98, -76, 6, -67, 82, -52, 33, -91, 15, 86, -30, 54, -43, -89, 26, 56, 33, 90, -53, 69, -95, 43, 66, 72, -43, -57, -5, 56, -4, 60, -84, 93, 86, 70, 33, -11, -87, 50]
[-25, -58, 56, 13, -96, -21, 64, -93, -14, -100, -22, -31, -82, -50, 65, 83, 30, -39, -95, 34, 95, -42, 24, 37, 1, -24, -85, -42, -81, 22, -26, -75, -51, 29, 23, 48, -100, 16, 64, 58, 14, -77, 71, -67, 7, 55, -60, -51, -80, 11, -29, 66, 64, 63, -70, -16, -95, -91, 0, -48, -59, -42, 37, -22, 25, -45, -48, 14, -1, 7, 99, 12, 19, -41, -56]
[16, -17, -11, 55, -91, 73, -3, 53, -95, 27, -55, -24, 35, -88, 74, -96, -72, 58, 79, -55, 74, -35, -99, 24, 11, -63, -8, -97, 50, 54, 7, 53, 64, 75, -90, 68, 62, -15, 52, -91, 59, -27, 21, 9, 1, -26, 89, 63, -37, 32, 9, -63, 13, -14, -99, -72, 18, -41, -72, -42, -58, -32, -2, 24, 89, -89, 82, 52, 38, 30, 26, 51, 49, 77, 29]
[-5, 93, 57, 67, 11, -22, -27, -20, -82, -5, -88, 43, -6, -63, -10, 47, -99, 82, 80, 45, -28, -66, -69, 87, 76, -47, 3, -13, -67, -75, -65, -30, 55, 71, -36, 35, -76, 82, -49, 88, -32, -28, -77, -40, -53, -98, -8, 27, -75, -3, -43, -31, -28, -1, 59, -29, -75, 37, 60, 42, 26, 41, 82, 54, -100, 14, -33, -73, 53, 27, -83, 99, 93, -95, 90]
[23, 72, -99, -8, 40, 66, -30, 61, -38, -36, -87, -71, 82, -99, 42, 40, -74, 87, 39, -79, 7, -40, -100, -66, 30, -91, -51, -67, -62, 2, 93, 64, 51, -66, -30, -61, -8, -92, 97, 64, 44, -66, 89, -75, 42, -50, 87, -52, -78, 30, -98, 13, 95, 54, 98, 26, -57, -69, 13, -89, -2, 90, 14, -72, 2, -29, -42, 13, -12, -62, -37, -32, -52, 27, 75]
[40, 33, -67, 73, 95, -92, -78, -28, -4, 28, -10, -17, 57, 76, -28, -52, 19, 43, -51, 69, 79, 67, -5, 54, -62, 94, -3, -81, 74, 57, -70, -99, -18, -16, -48, -37, 24, -96, 97, -11, -10, 13, 24, 76, -82, 82, 3, 82, -8, -20, -3, 7, -87, 97, -61, -63, -42, -68, -18, 100, -49, -2, 43, 31, -45, 84, 69, 70, -99, 9, 65, 54, 88, -88, -63]
[90, 30, -45, 42, -72, -64, 43, 19, -84, 98, 49, 81, 63, -47, 12, 89, 15, 80, -2, 42, -95, -94, -88, -59, 8, 11, -35, -60, 74, -33, 17, -22, 37, -74, -33, 14, -13, -61, 36, -13, 77, -70, -58, 30, -44, 81, -72, 42, -31, 54, 44, -80, -72, 98, 17, 13, -29, 56, 16, -31, 91, 72, 21, -23, 1, -45, 96, 34, -42, 67, -67, 79, 54, -70, 66]
[9, 63, 92, 25, 87, -92, 15, -24, -83, 55, -76, -80, 98, 29, -46, 93, 0, 22, -20, -55, -13, 32, 76, 12, -99, -56, 15, 81, 84, -6, 3, 55, 60, -68, -54, -88, 94, 61, -95, -40, 94, -61, 42, -28, 46, -63, -48, -12, 97, 84, -68, 36, -30, -67, -39, 36, -19, 53, -66, -14, 96, 35, -94, 84, 0, 68, -41, -69, 52, -34, 44, 16, -79, 61, 15]
[-90, -66, 34, 19, 8, -27, -35, 95, -4, 30, -88, 24, -46, 70, -54, 58, 14, -100, 82, -55, 29, 40, 69, -3, -24, -90, -47, -77, 76, 56, 52, 2, -95, 97, 90, 25, 24, 29, -73, -77, 73, 60, 26, 85, 77, -72, 66, -77, -54, -98, 76, -49, 63, -24, 82, 61, 61, 49, 56, 62, -44, -21, 69, 6, 55, 60, 52, 39, 16, -20, -95, -77, 85, -68, -76]
[7, -59, -52, 12, 82, 63, 99, -17, 49, -60, 50, 8, 68, -76, -66, 79, 45, 71, -47, -17, 17, -81, -72, 92, -41, -64, 81, -36, 76, -89, -4, -43, -10, 40, 27, 66, 72, 20, 52, 12, 73, 98, -34, 52, -31, 69, 100, 26, 41, -37, 24, 93, -30, 21, -6, 18, 31, 54, -37, 12, -45, -78, 90, 69, -21, -60, -94, -27, -96, -82, -48, 78, -6, -47, -97]
[-40, -94, 17, -84, -44, -9, 39, -27, 48, 29, 76, -15, 46, 92, 40, -44, -55, -17, -41, -27, -56, -32, 76, 34, -71, -93, 5, 27, -95, 5, 0, 79, 94, 37, -96, 77, 35, 88, -20, 94, -97, 64, -82, 44, -10, 62, 67, -98, 40, -56, -3, 88, 10, 42, 42, 14, -64, 61, 37, -25, 12, -35, 37, 54, 48, 35, 70, -98, 69, -40, -5, -91, 50, 62, -42]
